
Simulation 8 size 256 delay 0.01

70
47
46
46
43
42
43
43
42
43
44
44
42
47
46
52
50
52
48
48
46
48
49
49
53
53
55
63
55
54
Simulation 32 size 256 delay 0.01

816
707
682
688
700
730
745
817
765
748
712
708
741
765
697
714
696
706
705
725
718
725
706
721
717
706
713
715
731
715
Simulation 64 size 256 delay 0.01

3010
2952
3049
1321
3051
3059
3033
3066
3061
3065
3126
3047
3099
1461
3121
3212
3050
3112
3149
3169
3239
3159
3188
1549
3147
3187
3184
3193
3244
3097
Simulation 8 size 1024 delay 0.01

151
53
49
50
50
51
51
49
51
52
50
50
50
50
50
48
50
50
53
52
49
52
49
51
50
50
51
52
50
51
Simulation 32 size 1024 delay 0.01

746
792
792
769
768
771
767
775
786
766
762
764
769
773
-978
778
779
781
760
762
762
764
760
774
779
769
767
757
769
781
Simulation 64 size 1024 delay 0.01

3233
3220
3211
3198
3200
3210
1487
3246
3238
3277
3200
3266
3224
3253
3280
3291
1572
3335
3286
3326
3318
3293
3290
3313
3280
3325
1628
3311
3294
3323
Simulation 8 size 256 delay 0.1

184
53
52
52
51
51
52
49
51
49
49
49
53
52
52
53
54
53
52
50
53
50
62
55
51
52
50
51
49
51
Simulation 32 size 256 delay 0.1

773
799
795
816
836
796
818
808
809
808
794
806
800
806
797
806
846
823
808
807
804
822
-951
816
819
806
844
898
858
831
Simulation 64 size 256 delay 0.1

3334
3201
3282
3280
3350
3235
3328
3313
1531
3281
3340
3307
3341
3301
3337
3403
3453
1650
3673
3459
3352
3386
3379
3383
3435
3485
3512
1734
3434
3401
Simulation 8 size 1024 delay 0.1

204
52
50
55
52
51
53
55
53
54
53
52
53
52
54
56
51
51
52
52
52
51
51
52
56
52
53
51
52
52
Simulation 32 size 1024 delay 0.1

774
822
815
808
808
810
819
804
817
836
814
843
818
828
817
819
823
821
830
823
817
820
827
820
822
-884
825
833
832
821
Simulation 64 size 1024 delay 0.1

3383
3300
3432
3473
3427
3510
3529
3553
1727
3468
3490
3937
3749
3511
3720
3733
4303
2833
4170
3862
3521
3506
3502
3562
3499
1860
3473
3517
3449
3453