
Simulation 8 size 256 delay 0.01

87
58
57
63
61
67
64
63
55
58
56
46
42
44
44
42
44
42
44
46
43
43
46
42
42
43
44
42
42
43
Simulation 16 size 256 delay 0.01

167
160
164
164
163
161
162
165
173
165
167
169
167
171
166
170
165
169
170
166
172
171
166
170
172
169
-1846
170
170
169
Simulation 32 size 256 delay 0.01

698
684
692
689
683
688
692
690
693
694
695
704
709
701
698
705
711
703
708
706
710
713
708
712
724
747
718
719
714
711
Simulation 64 size 256 delay 0.01

3044
2937
2998
981
3063
3135
3066
3117
3131
3103
3100
3115
3168
3165
1107
3162
3269
3117
3181
3209
3250
3189
3198
3139
1122
3194
3187
3253
3135
3294
Simulation 8 size 1024 delay 0.01

90
50
49
50
48
49
49
49
49
50
50
52
51
51
50
50
53
51
49
49
52
51
50
51
48
50
48
48
50
48
Simulation 16 size 1024 delay 0.01

195
217
220
216
210
203
208
200
210
205
205
203
198
192
194
193
192
189
189
193
189
197
194
193
190
195
190
191
198
192
Simulation 32 size 1024 delay 0.01

769
780
772
779
763
779
784
776
-1275
784
780
778
777
774
770
770
785
768
810
771
773
784
770
776
781
781
782
773
781
782
Simulation 64 size 1024 delay 0.01

3190
3192
3203
3201
1203
3145
3226
3219
3259
3262
3259
3253
3261
3291
1170
3272
3288
3304
3311
3310
3347
3339
3308
3385
1340
3305
3342
3355
3366
3497
Simulation 8 size 256 delay 0.1

198
54
75
67
60
60
54
66
72
65
63
59
57
59
60
61
59
59
63
60
60
61
59
61
60
63
60
54
50
50
Simulation 16 size 256 delay 0.1

187
208
228
225
226
211
214
213
214
210
216
205
201
206
235
238
208
195
203
210
212
198
199
202
207
210
202
194
194
196
Simulation 32 size 256 delay 0.1

795
827
835
815
831
819
814
-1223
806
823
800
820
815
865
824
813
818
809
805
823
807
811
803
799
830
819
824
813
809
827
Simulation 64 size 256 delay 0.1

3312
3465
3430
3432
1316
3333
3344
3344
3372
3461
3373
3327
3378
1254
3342
3373
3366
3365
3378
3412
3433
3401
3422
1495
3411
3432
3426
3422
3443
3462
Simulation 8 size 1024 delay 0.1

206
51
50
55
51
55
51
49
50
50
52
53
52
52
51
49
53
52
50
54
51
51
52
51
52
50
53
52
50
51
Simulation 16 size 1024 delay 0.1

203
211
231
226
213
216
210
208
209
213
200
193
197
196
196
200
194
198
198
194
200
199
193
196
194
191
197
195
190
196
Simulation 32 size 1024 delay 0.1

793
796
-1308
805
811
818
825
807
805
809
802
803
803
805
791
806
798
836
813
821
815
809
827
811
813
822
816
794
824
819
Simulation 64 size 1024 delay 0.1

3388
3367
1502
3380
3399
3426
3374
3418
3344
3437
3448
3440
1370
3442
3411
3444
3407
3432
3437
3428
3422
3334
1393
3527
3553
3865
3670
3678
3488
3456
Simulation 8 size 256 delay 0.01

70
40
40
40
40
40
40
40
40
40
40
43
42
41
41
40
40
41
40
40
40
40
40
40
42
41
41
40
40
40
Simulation 16 size 256 delay 0.01

Simulation 8 size 256 delay 0.01

24
8
8
8
9
9
9
9
8
8
9
9
9
9
9
9
9
9
9
9
8
8
8
9
9
11
9
9
9
9
Simulation 16 size 256 delay 0.01

40
34
35
36
36
37
34
35
34
35
35
36
36
37
36
35
40
41
38
37
36
37
37
36
36
38
36
36
37
39
Simulation 32 size 256 delay 0.01

170
154
170
165
169
169
187
174
185
186
180
187
176
211
190
186
180
179
179
174
163
166
173
168
162
171
184
177
173
169
Simulation 64 size 256 delay 0.01

747
743
767
751
779
780
779
799
797
817
809
802
811
813
826
813
895
-1371
836
835
835
846
914
789
849
860
866
929
795
949
Simulation 8 size 1024 delay 0.01

50
12
12
12
11
11
11
11
11
11
12
12
11
11
11
11
11
11
11
12
12
12
11
11
11
11
11
12
12
12
Simulation 16 size 1024 delay 0.01

49
47
46
45
43
43
43
44
43
48
44
43
46
48
44
45
45
43
44
43
46
45
46
52
45
53
45
45
49
44
Simulation 32 size 1024 delay 0.01

196
213
207
206
211
207
212
210
217
208
210
215
211
213
219
210
208
214
215
210
216
210
209
212
210
211
212
226
212
217
Simulation 64 size 1024 delay 0.01

833
865
857
885
880
855
951
990
924
908
914
920
933
944
-1103
951
945
950
948
1002
960
988
979
970
1011
973
975
1005
981
997
Simulation 8 size 256 delay 0.1

153
13
12
12
12
12
12
12
12
12
12
12
12
12
13
13
12
12
12
12
12
12
12
12
12
12
12
12
12
12
Simulation 16 size 256 delay 0.1

49
50
51
55
54
52
57
51
51
51
51
50
50
51
53
53
51
53
51
51
51
51
50
51
52
70
55
54
55
52
Simulation 32 size 256 delay 0.1

209
245
246
239
245
240
244
249
248
238
240
250
241
241
236
252
238
241
247
237
244
239
239
238
254
237
237
241
239
236
Simulation 64 size 256 delay 0.1

928
873
969
971
968
983
977
990
-1089
1067
997
927
1004
1008
1024
1027
1014
1032
1025
1030
1044
1038
1042
1062
1046
1054
1051
1055
1053
1056
Simulation 8 size 1024 delay 0.1

178
13
12
14
14
13
13
13
13
13
13
13
13
13
13
13
12
12
13
13
13
13
13
13
13
13
12
13
13
13
Simulation 16 size 1024 delay 0.1

54
59
56
59
54
54
53
62
56
55
57
57
55
60
53
54
53
53
53
55
55
58
53
58
54
54
52
54
54
54
Simulation 32 size 1024 delay 0.1

245
256
244
253
246
250
257
249
243
250
246
254
252
248
250
251
244
245
250
257
249
249
248
245
251
247
255
261
246
252
Simulation 64 size 1024 delay 0.1

-1152
1058
1057
1093
1112
1102
1086
1118
1030
1195
1119
1169
1303
1137
1132
1144
1146
1137
1132
1144
1138
1056
1149
1235
1125
1180
1151
1147
1154
-897